$ANSIBLE_VAULT;1.1;AES256
62386532363464313330666364333835643962383261303839666239663233303138343033373462
3434343663653736343039393930633036386333346335640a663835343431336661666566613132
34343439356561356332333537636335633432323535626637323466666362303437333630656432
3664633961656330330a343861333261636566666463356566396539333737363430663831393633
63386537313261333337383764613636643663303463313764313035663165643836303839383162
63386532356439633637303339653030623634373135636634343036306264346561373833373633
34383037666235656164623635373238316636316564353637303636356136633032363331373261
34376239636162623163366233353232666261303061623036666331393237333835333337356161
37663161386438636337383435353736393862356463356331623064376136623731366662633762
66616634363339343661373761333664376631313531653635313137626138323535633865313661
38646433333930356331656265323966336538323539623039303838333437323432386362663264
34343736376638306261636330303634366334663263613735626131313332373938663737316336
65353938663033316263626166623638666232653639343061316661333231666535313065393938
61313565663139653837306539663430653535346338653166303832343930636439613537636332
35356138393465346265633662333466663335383330323730333266343034343737353137336532
36313136653265333261653530656465356435386333316662643333383661373930353537306661
36636135356536336438343231373838313062613833336432353434396536353863303634386235
62326430393236393033326239346662323734343135353266386663356138633733666235323865
62376338393735303361376138663364356231666232393337386636653463643037643364373837
61643764326636663166333238613036373231376131616134316461613831393262323463363838
37356632336230636664346537376135383332303632626662353131356336663264343337303936
64613263373430643330396332336338646132323536393963633432343839323437396334656534
39316530343061633934303466346664663037346532303039623533633432613230613731313132
36623933346531653637616435383630633433613963626236353663663164366135396539666430
63643634646363303162653836656232646336316666333130363435666564313333653662303130
31633834383961346462363332613930363234613635363239336335313733353035306563303134
31346130663366343535376635656337636431323939663062326339633631393839366137626165
30313536316665343661663566623761633734663261626261313565383236633461393064633061
34303830333136653435326236383639333963343933653436363136663131386562663235646163
39333034306138333438373334356462313561373638656235303065383437626461613931343965
66316232336661366163656461323061353636393135346165663131373731623066663263346538
63363438623066613738356462626165326264323732636464333364613436393363393339376265
32393138376361396164353333313532643138343939316433646138613336656633646161646265
39643235303262363134363263653733653234346637666463626238626337666438616664373461
32326534633232366339326130316132616634356633376362653462386139373163336632376437
63633436343664353165313439343266366131646336653866323062316339323963303537396130
37616337353138386466386566333233363161346561366439353964636236656466623435353735
66373464613133333361353263326564333737653266626466383236366661663666313765633362
35316632643366333366663031656634323839323266663261356666373233633839373065383836
39656539643965316231393862616332386137633839386237303832376462333663323762623637
61666564623531666236336330313065303464336163383935396165336462643165353563653536
64376632316563393739623666393230383036306461343766396232663761373034616465626161
63643938346161336561623936646234613832643733646138336465646461373039633132356135
31373261303963616232663762653432666533333931643765306663336635363339636638356638
35363737313162346135643464383036333738653236633162386331666532643563366361313733
65343266626530633562346132333563656533393133383439383065373762363434656637653239
36316361343233346133616431623061646536323139326135316266633938643433343137616266
34343066666230363537643362356137373233333437656534373765633131303566623633363030
37393066663838316132666464626330646163333964373936653334666266333563636633623139
30633834313163636164316631353364663762326531306630333833316434633161376430616432
38376630623764393432363534386332353634393835396561326165623164353637393061643864
30336635656265383766623432653637316337313366356531646539386335333861313766343535
34366431333239346532326131656332663033383036376535656330623331323463353831666264
37646661306133303565383163383964343034376366356131623131383066366633333661636337
66656136616133356462396435333632356331383737383230383439313030663031316463353662
38323663336239303434363532356639303162346163316538343834326330613761343030383934
63396464396439306166643363656433653062363437636331343634653664643665393461333334
37303833363261616565636635363664383762613361303333363262333736633330343165303033
66376235316564323336616163666433303164623362373363386236376532303864636131303839
35373233323035623063653032396463363764313438353539353637663964396439356265326633
65373364396166626138646262396137366166386264623130326462626265353533333432323966
38383565393036386639643637326232393038636434366465333735316235373735646364393237
30633435316638343566623561626434323938376534313037653236386338326163663132326134
36653861383832383666346338613638323935653236383030343133656430346362333262643935
64633730303432646539663638373164663533666165393033313061666332373064376366333661
31363665303139336431383438393662616362393065373438356337363966333664363765643565
36353537333737616566646462333536366336626536373434306662643938323439386137633438
34363131633761663338346535616536313631646664353334313731373561356638316536306364
32363731383062626139613335623731323962356562656134646138383764363665373035613439
63343133633864383731373332353764373462613966363736376237393332653733313561383930
37323161373062373737303437633834623237386566333434636361396436373661616232343034
30376334393938376662323562383238353266616239356565623535666433643062646339636364
61343666303961663239376538366230373430303831383862346362663137646263646331393536
37633439613636613462303333353733363332666361363539623765376331623961626337376361
30343039363637363136633934613437616538323039353534326436386538303432613734633033
65636532303636323362633636356466633966306334383435643139633736353837383264323931
65373639333732363464336336343931666538636232613566313163616230646536373939663935
63346665663665373537336136663530386338376534616463373034653963326635366636366566
65373063643664646437303162313534373165343832633035633764666461353734353365306337
66613663373166383534656139613938346336353166663164656261626439656531663835383733
63626135643366393766306165343631323134633331646263346335333637346634336234313664
31643866623036343765353038643061303963653535633263396530383262623936346361353533
62346530666333343761393334303335353339346663306630323039636135353736393464386362
35373165646332643463353939646665626435346262643365303638623137326238353366303430
62666336666232363037356132613035316533316166323264373536663165646362323338636633
63336338383165373764356334326339666463666235343436613733353331633463313331306366
62343862343639666634383466633130333030303732626431636637356261336132636130633334
35353830653861353437343866386234373736653634373833343530393966656136383463366664
35633431313438313062313232663466623730666365376631353330623765316564343336666164
38366165663333346634323066363130333439373937383731306664323337383232636431633863
61393730636264663463616635613366333663363034323639373537336135663838653430303136
33626331313463383631316438373262303830656437303165653531383237656634326139613861
61393539663264303135363261393530666262383161656662613537383035373061613661333037
62633530393235643431383737656437326139663232336536623661626662346539323861393239
656530613131333532323334376438373235
